00000000000000000001010
00000000000000000000100
00000000000000000001010
00000000000000000000100
00000000000000000001010
00000000000000000000000
00000000000000000000000
00000000000000000000000
00000000000000000000000
00000000000000000000000
00000000000000000000000
00000000000000000000000
00000000000000000000000
00000000000000000000000
00000000000000000000000
00000000000000000000000
00010000000000000000000
00010000000000000000000
00010000000000000000000
00000000000000000000000
00000000000000000000000
00000000000000000000000
00000000000000000000000